1748.4326
1752.2794
1753.1217
1756.6623
1755.6612
1144.7085
1146.8091
1148.869
1149.6775
1150.4167
1865.9427
1865.6081
1867.9929
1868.83
1867.584
1399.0884
1399.1928
1401.156
1401.771
1401.4358
1180.047
1180.2789
1179.764
1178.7129
1178.987
2029.6861
2031.5282
2033.4536
2034.9407
2036.4948
2105.7128
2105.9516
2102.0989
2102.1533
2100.2296
1615.5092
1620.126
1622.3186
1627.2007
1631.7309
1635.3243
1637.2156
1638.4256
1640.138
1638.9676
1593.2627
1597.293
1601.0287
1604.2497
1605.9661
1017.2602
1017.9935
1017.1778
1016.1662
1015.6657
1053.6363
1054.6399
1055.9681
1056.3451
1056.9794
1344.8332
1342.8601
1342.3319
1338.72
1336.6617
938.47512
938.8567
938.90032
940.15113
942.45122
2030.912
2032.4654
2030.5303
2032.321
2035.0617
978.85052
979.54437
979.76069
979.44154
978.84686
946.50382
944.97833
944.77362
944.03892
941.99351
942.56022
943.21493
943.69302
942.93377
944.74554
938.85447
939.19539
939.25134
939.6406
941.41655
1343.8748
1343.7633
1345.3803
1344.1274
1344.654
1093.3446
1097.6693
1097.1932
1098.1428
1100.3715
2321.3166
2320.5072
2317.8496
2313.6012
2308.0133
1290.4133
1290.7438
1292.4112
1292.5015
1294.0471
941.19306
941.53387
942.09005
942.85748
941.18759
2276.0022
2283.6457
2287.2503
2293.4544
2299.9408
1917.7536
1922.8128
1923.0651
1925.4639
1926.3273
1348.1466
1348.389
1349.3551
1349.1448
1350.2999
915.97709
916.23595
916.22092
918.3531
919.37635
1053.0433
1055.9312
1056.22
1056.8283
1057.0142
1225.3908
1223.0797
1226.0699
1226.2676
1227.537
1654.1552
1656.3481
1653.767
1653.8267
1655.2716
1059.5195
1058.779
1059.7568
1060.5693
1060.7071
1673.6912
1677.5533
1676.8613
1675.8526
1677.977
1914.7556
1916.7126
1921.6354
1921.2134
1919.9771
993.82195
994.1657
991.77408
992.30854
992.04407
918.38683
918.15916
918.58394
918.3353
919.02967
1060.179
1061.4454
1059.7849
1056.5438
1053.7206
1164.8811
1165.7022
1167.5475
1168.888
1169.6348
1244.9228
1246.9067
1247.7712
1249.9667
1252.3391
1414.3797
1415.1434
1416.3188
1416.6552
1419.8461
977.02417
977.69917
976.02617
975.80721
975.34321
1060.5693
1060.7071
1061.3112
1062.5673
1065.3807
1803.4122
1805.3116
1806.4886
1804.5121
1802.6391
1022.6622
1024.069
1025.1328
1025.1254
1026.8078
2242.4424
2237.7403
2238.9867
2235.1263
2230.426
1883.1798
1880.2827
1878.4648
1875.499
1874.1883
1317.8894
1317.5003
1320.8402
1320.7447
1321.886
1625.8183
1623.0983
1623.2497
1622.7617
1623.0957
972.47049
973.63066
975.23279
977.04541
980.8677
1342.3028
1341.1114
1340.1984
1340.3594
1340.2586
1986.2387
1986.053
1986.6699
1986.5359
1985.9994
1496.7928
1501.2425
1503.5145
1503.9897
1506.8987
1396.6001
1399.1157
1403.5187
1403.8902
1403.4431
944.54548
943.51485
942.37218
942.77812
945.4206
1320.7447
1321.886
1322.5634
1321.2106
1319.9025
1619.121
1617.5779
1619.7629
1619.7647
1615.4631
1765.6184
1761.1886
1762.7198
1761.9517
1761.8543
1183.4527
1181.9311
1182.7805
1181.7571
1180.3766
1151.906
1151.3081
1153.2065
1152.1367
1151.4074
1933.9232
1941.043
1942.6778
1940.935
1943.8046
1053.5458
1051.9816
1052.3761
1053.9932
1056.2793
2142.1111
2141.9806
2140.9712
2137.5396
2135.4813
2410.6028
2409.792
2410.5248
2408.3002
2406.2989
1753.0721
1752.3509
1752.3045
1751.5913
1749.9221
938.78004
938.60637
939.70837
939.64412
939.93705
1061.0165
1059.4953
1060.8007
1059.5195
1058.779
1132.3554
1132.3693
1131.6914
1127.9888
1127.9164
1761.9298
1762.5875
1763.5407
1764.8157
1763.426
949.61943
949.28221
949.45387
950.99712
950.59208
1922.2148
1924.5292
1920.7792
1918.1863
1920.2911
916.76731
915.97916
914.86893
914.08126
914.1917
1856.928
1853.075
1851.4795
1849.2817
1843.3232
1324.2036
1326.2217
1328.1762
1330.0512
1331.1159
1690.1589
1690.6736
1688.8838
1682.7492
1679.5649
1921.4115
1922.8146
1924.402
1921.9185
1918.3959
2248.8778
2253.3256
2252.8638
2255.5973
2257.8659
2152.4454
2153.3271
2155.2472
2159.5151
2162.1136
1134.5728
1135.8975
1136.5593
1137.0083
1138.4049
1848.2222
1849.3477
1853.3092
1855.772
1860.8709
1010.855
1014.043
1015.7969
1015.311
1017.0835
1047.5467
1048.7847
1049.7958
1050.1722
1049.4232
1836.1481
1832.7354
1831.8192
1826.282
1828.449
1392.5903
1391.8127
1391.3819
1391.3111
1391.8763
1350.0855
1348.8178
1348.3626
1348.7426
1349.8008
2270.9822
2274.3674
2276.0022
2283.6457
2287.2503
1680.6919
1679.3355
1679.3093
1678.4427
1677.5351
1691.8172
1687.9237
1685.9177
1680.7908
1679.7165
2013.8612
2013.7111
2013.5464
2012.8152
2011.2922
1775.7656
1774.6487
1775.0509
1776.0133
1776.329
1604.0633
1607.7469
1612.5382
1619.0387
1619.6669
937.59783
937.47154
938.13912
937.60965
938.84307
992.11193
991.24287
991.89081
993.20408
993.76698
2149.391
2147.8411
2145.4322
2144.0139
2143.5184
1017.8719
1019.8789
1020.1711
1021.3462
1021.7195
1318.851
1319.0513
1319.5079
1319.2764
1318.2587
931.7457
933.06672
933.25788
934.66505
934.73432
1911.154
1908.5895
1908.578
1908.0566
1911.4643
1918.2174
1915.9613
1914.3523
1914.0584
1910.8708
1393.6022
1394.0903
1392.896
1392.422
1392.2393
1342.3319
1338.72
1336.6617
1337.065
1336.8758
963.99163
964.15164
965.5974
965.46003
965.75474
1787.46
1788.6952
1791.9722
1795.8744
1794.5655
1037.0522
1035.9416
1036.274
1035.7069
1035.6439
980.2417
979.97749
981.48791
982.08251
983.42614
1405.265
1403.3534
1406.6153
1409.1559
1409.3837
941.95201
940.40434
939.98333
940.16291
942.84621
1929.0261
1931.0584
1931.3913
1933.1784
1933.6397
1922.9168
1921.1691
1925.532
1923.5372
1922.1782
1928.5181
1930.5977
1931.6576
1932.416
1930.9252
908.47652
908.05182
907.70935
907.58459
908.51071
1828.5068
1829.0433
1830.0211
1828.3786
1826.735
1366.9598
1368.0084
1367.9608
1366.3472
1366.4419
1925.0912
1926.8974
1929.4158
1932.1969
1936.1277
1813.9803
1816.4279
1819.3858
1821.6869
1824.2722
1796.8902
1796.2105
1797.8454
1799.8429
1802.3418
1364.5217
1364.9337
1364.7012
1365.8543
1365.8313
1323.2535
1324.76
1327.1502
1328.5241
1327.9657
1975.3149
1973.7419
1973.7433
1971.5412
1971.053
981.01918
980.8314
980.50987
980.9962
980.89344
927.3673
929.01478
928.87943
930.26227
930.33544
943.47172
942.22595
941.97413
943.38215
943.72898
1163.7551
1163.7019
1162.5408
1161.0236
1161.6015
1995.7492
1997.6183
1997.845
1996.4912
1997.6303
1791.3608
1791.9845
1794.2736
1792.4826
1790.4592
970.51702
971.01313
973.31374
973.04699
973.34477
1187.6039
1187.3151
1188.1982
1189.5706
1190.0846
1410.7436
1411.8886
1412.7167
1410.9682
1413.1126
1243.7621
1245.4335
1247.3384
1248.0921
1247.8159
1813.6892
1813.0313
1814.8572
1815.4824
1812.5726
1627.2992
1628.8536
1629.9202
1632.8351
1633.5647
1083.4212
1082.289
1081.1896
1081.5644
1081.3619
1307.5722
1310.8979
1313.1682
1313.0772
1314.8208
1046.969
1047.024
1047.6604
1047.7089
1048.9313
1958.8592
1953.1595
1952.1352
1950.2861
1946.4607
931.57811
932.30471
932.32514
932.56453
932.55634
915.49816
914.79063
913.9718
914.65488
914.6791
1145.344
1145.3708
1144.3346
1145.7091
1145.0305
1015.311
1017.0835
1015.3245
1017.4466
1015.9158
1317.6024
1317.5468
1318.851
1319.0513
1319.5079
1126.8238
1127.2052
1126.6385
1127.4576
1127.0811
1986.4775
1982.8792
1981.6686
1983.6151
1979.2276
2328.0094
2327.4514
2324.5037
2317.993
2316.362
985.0354
984.7273
983.89638
984.34631
981.75321
1899.3061
1901.6117
1902.5131
1901.2801
1905.2845
1066.6047
1064.7987
1064.4896
1065.4884
1065.0479
1243.5152
1242.5891
1242.4874
1241.9847
1241.006
1532.1021
1536.8329
1541.6713
1544.0738
1547.1665
1993.3672
1993.0293
1988.325
1986.1872
1983.8108
1252.9472
1252.2542
1253.3642
1254.5151
1255.0256
1961.8596
1962.1064
1964.7246
1966.6919
1965.4567
1056.3451
1056.9794
1057.0919
1056.8964
1057.1095
1865.2117
1863.7212
1864.4182
1863.865
1859.5141
1800.7005
1791.0131
1786.5705
1780.5202
1777.0502
1423.2588
1420.6887
1419.8119
1421.6566
1422.0331
1833.1627
1834.4544
1837.7702
1843.7575
1845.8846
1791.0131
1786.5705
1780.5202
1777.0502
1773.604
907.92517
907.19046
907.63469
909.12436
909.06153
917.83646
918.15949
920.46567
920.08528
919.08826
1912.8295
1911.0953
1912.8419
1910.9039
1909.3837
944.74554
945.23327
945.19711
947.45063
950.01954
1047.3227
1046.1402
1044.4877
1046.271
1045.2737
1677.0737
1672.4096
1674.1141
1673.0464
1669.6642
2161.4944
2166.3334
2168.8425
2166.6968
2162.818
1724.0761
1722.0873
1720.9523
1721.2377
1721.7755
977.84173
976.13019
976.65327
975.86933
976.18714
1148.9537
1149.388
1150.3891
1151.4755
1150.876
1344.5808
1346.7825
1347.8558
1348.048
1348.3482
1945.1045
1946.0147
1947.3152
1945.667
1946.9996
918.05883
918.91653
920.01424
923.46336
924.54698
2088.684
2087.5222
2088.4799
2085.1498
2083.0056
1754.3015
1755.6742
1758.2428
1760.6332
1762.5906
1133.6003
1133.0356
1131.6001
1129.5324
1129.9473
975.05471
974.08699
972.7881
972.46826
972.41862
1254.9935
1257.1219
1257.2777
1260.478
1263.7978
1356.8699
1355.229
1353.0643
1353.8878
1354.398
902.22537
901.57108
898.68675
899.64591
899.29339
1630.0994
1630.0834
1628.3982
1625.1194
1623.7424
944.77362
944.03892
941.99351
943.1669
943.40087
1147.327
1147.9895
1146.2782
1147.6381
1149.9623
1560.9397
1560.1057
1558.4143
1558.1174
1554.1306
1057.0431
1055.74
1054.4293
1055.2292
1054.7505
1086.2491
1084.7676
1084.1954
1082.3345
1084.2815
1694.018
1693.4485
1695.0404
1694.3138
1690.3566
1079.4855
1080.6433
1080.3382
1081.1412
1080.7208
1989.2206
1988.5452
1985.274
1984.3293
1982.9134
1956.2761
1957.0947
1960.3031
1961.6203
1961.8596
1887.5367
1883.1798
1880.2827
1878.4648
1875.499
1169.2662
1173.5477
1174.2311
1175.3399
1177.5569
1557.0557
1559.6795
1558.9921
1560.0174
1558.687
909.56804
908.89552
908.56222
908.681
909.72573
2336.0627
2337.9579
2338.9181
2342.2085
2340.999
2126.8954
2132.4975
2135.759
2138.6787
2140.8883
1925.532
1923.5372
1922.1782
1923.6218
1929.0261
1073.4307
1073.933
1072.5391
1071.9966
1069.9908
1646.563
1648.5815
1651.1523
1649.9304
1650.5101
980.38723
978.84609
977.31689
977.2781
977.43913
1257.2879
1257.3323
1256.9948
1255.0527
1255.4078
1099.1275
1100.0361
1100.1367
1100.4557
1099.3475
931.7592
931.74089
931.10208
931.26721
932.36228
910.02351
909.57921
909.33681
910.59174
910.06064
